-19.9489195765 0.0695087923
-19.0243582897 -0.0001024205
-19.0243582897 -0.0001024205
-18.9263570826 -0.1745398027
-18.9263570826 -0.1745398027
-18.8294145746 -0.3962583681
-18.8294145746 -0.3962583681
-18.7335199793 -0.6673412759
-18.7335199793 -0.6673412759
-18.6386624188 -0.9880588437
-18.6386624188 -0.9880588437
-18.5448309987 -1.3559511024
-18.5448309987 -1.3559511024
-18.4520148527 -1.7646313487
-18.4520148527 -1.7646313487
-18.3602031701 -2.2023100639
-18.3602031701 -2.2023100639
-18.2693852137 -2.6500991894
-18.2693852137 -2.6500991894
-18.1795503310 -3.0802576455
-18.1795503310 -3.0802576455
-18.0906879615 -3.4546908761
-18.0906879615 -3.4546908761
-18.0027876415 -3.7242242428
-18.0027876415 -3.7242242428
-17.9158390075 -3.8294199066
-17.9158390075 -3.8294199066
-16.9912777207 -3.8990311194
-16.9912777207 -3.8990311194
-16.9802251475 -3.9682728378
-16.9802251475 -3.9682728378
-16.8932765136 -4.0734685016
-16.8932765136 -4.0734685016
-16.8832826395 -4.1899914032
-16.8832826395 -4.1899914032
-16.8752883642 -4.1915409443
-16.8752883642 -4.1915409443
-16.7963340056 -4.2951870669
-16.7963340056 -4.2951870669
-16.7873880442 -4.4610743110
-16.7873880442 -4.4610743110
-16.7804308037 -4.5122585120
-16.7804308037 -4.5122585120
-16.7004394102 -4.5662699748
-16.7004394102 -4.5662699748
-16.6925304838 -4.7817918788
-16.6925304838 -4.7817918788
-16.6865993837 -4.8801507708
-16.6865993837 -4.8801507708
-16.6826456071 -4.9143977864
-16.6826456071 -4.9143977864
-16.6806688073 -4.9219180455
-16.6806688073 -4.9219180455
-16.5986990637 -5.1496841375
-16.5986990637 -5.1496841375
-16.5937832376 -5.2888310170
-16.5937832376 -5.2888310170
-16.5908339245 -5.3520765016
-16.5908339245 -5.3520765016
-16.5898508509 -5.3697071710
-16.5058829176 -5.5583643838
-16.5058829176 -5.5583643838
-16.5019715550 -5.7265097322
-16.5019715550 -5.7265097322
-16.5000159682 -5.7998656271
-16.5000159682 -5.7998656271
-16.4140712350 -5.9960430989
-16.4140712350 -5.9960430989
-16.4111535986 -6.1742988577
-16.4111535986 -6.1742988577
-16.4101810854 -6.2300240832
-16.3232532787 -6.4438322245
-16.3232532787 -6.4438322245
-16.3213187159 -6.6044573138
-16.3213187159 -6.6044573138
-16.2334183959 -6.8739906806
-16.2334183959 -6.8739906806
-16.2324563464 -6.9788905444
-16.1464697620 -6.9791863443
-16.1464697620 -6.9791863443
-16.1445560264 -7.2484239112
-16.1445560264 -7.2484239112
-16.0576073924 -7.3536195749
-16.0576073924 -7.3536195749
-16.0566557064 -7.5179572779
-15.9697070725 -7.6231529417
-15.9697070725 -7.6231529417
-15.8827584385 -7.7283486054
-15.6395786642 -7.7620058729
-15.5635441228 -7.8672015367
-15.5635441228 -7.8672015367
-15.5601689664 -7.9837244382
-15.5475519410 -7.9852739794
-15.5475519410 -7.9852739794
-15.5260562147 -8.0364581804
-15.4859905708 -8.0889201020
-15.4859905708 -8.0889201020
-15.4755656084 -8.2548073461
-15.4561305021 -8.3059915471
-15.4561305021 -8.3059915471
-15.4282226199 -8.4043504391
-15.3915102812 -8.4385974548
-15.3915102812 -8.4385974548
-15.3862047896 -8.5755249139
-15.3603663184 -8.6738838059
-15.3603663184 -8.6738838059
-15.3264745118 -8.8130306854
-15.2925100169 -8.9434171726
-15.2606813663 -9.0825640521
-15.2606813663 -9.0825640521
-15.2212247295 -9.2507094005
-15.1948882209 -9.3520974189
-15.1574758478 -9.5202427673
-15.1574758478 -9.5202427673
-15.1128604325 -9.6984985260
-15.0937269660 -9.7897761340
-15.0511265235 -9.9680318928
-15.0511265235 -9.9680318928
-15.0017424814 -10.1286569822
-14.9893926145 -10.2375652596
-14.9419858850 -10.3981903489
-14.9419858850 -10.3981903489
-14.8882055051 -10.5030902127
-14.8822292887 -10.6677237157
-14.8303819941 -10.7726235795
-14.8303819941 -10.7726235795
-14.8216213384 -10.7729193794
-14.8216213384 -10.7729193794
-14.7725584832 -11.0421569463
-14.7166188349 -11.0421569463
-14.7166188349 -11.0421569463
-14.7138220910 -11.1473526100
-14.7138220910 -11.1473526100
-14.6606791865 -11.3116903130
-14.6037737881 -11.4168859767
-14.6037737881 -11.4168859767
-14.5468683897 -11.5220816405
-14.5468683897 -11.4168859767
-14.4917491938 -11.5220816405
-14.4917491938 -11.5220816405
-14.4366299979 -11.6272773042