1.0004184184 28.0507959352
1.0004763757 24.9460413487
1.0031240793 24.6945499530
1.0100120031 24.4466150113
1.0204856680 24.2997835593
1.0215812323 24.2022365236
1.0345816507 24.0625179795
1.0383616118 23.9614144899
1.0543030856 23.8288088538
1.0609668906 23.7241489101
1.0789701705 23.6266018745
1.0804304775 23.5986561821
1.0900890561 23.4904397844
1.1099617704 23.3893362947
1.1138105337 23.3720599643
1.1264918988 23.2602871127
1.1483653138 23.1556271690
1.1553483094 23.1490202006
1.1710038566 23.0336908949
1.1949280893 22.9254744973
1.2245101928 22.8106511312
1.2504604707 22.6988782795
1.2854986219 22.5942183359
1.2879445664 22.5911678215
1.3158281275 22.4758385158
1.3519203549 22.3676221181
1.3919436296 22.2563552061
1.4290210034 22.1445823544
1.4749794390 22.0399224107
1.5176922763 21.9250990447
1.5636638894 21.8168826470
1.6188623848 21.7091721889
1.6647432518 21.5973993373
1.7191903789 21.4927393936
1.7791236762 21.3814724815
1.8325080883 21.2732560839
1.8948959212 21.1721525942
1.9077370187 21.1691020798
1.9599294307 21.0573292281
2.0202604758 20.9526692845
2.0690598704 3.1889007395
2.0726549461 3.0405465097
2.1026001827 2.8957487340
2.1592453727 2.7545074122
2.2427911747 2.6168225444
2.3532866136 2.4826941306
2.4795499008 2.4725307082
2.4906275891 2.3521221708
2.6306823454 2.3419587484
2.6545564047 2.2251066650
2.8084690216 2.2149432426
2.8446623213 2.1016476132
3.0124745517 2.0914841908
3.0603831359 1.9817450154
3.2421120196 1.9715815930
3.3010077746 1.8653988717
3.4966456081 1.8552354492
3.5656798854 1.7526091819
3.7751942356 1.7424457594
3.8534024070 1.6433759461
4.0767361688 1.6332125236
4.1630430840 1.5376991642
4.4001145820 1.5275357418
4.4933408926 1.4355788364
4.7440440262 1.4254154140
4.8429133332 1.3370149626
5.1071177651 1.3268515402
5.2102645414 1.2420075428
5.4878159297 1.2318441204
5.5937941633 1.1505565770
5.8845144356 1.1403931546
5.9918069343 1.0626620652
6.2954946043 1.0524986428
6.4025228965 0.9783240074
6.7189534225 0.9681605850
6.8240881867 0.8975424036
7.1530143706 0.8873789812
7.2545863196 0.8203172538
7.5957387465 0.8101538314
7.6920498908 0.7466485579
8.0451374080 0.7364851355
8.1344726197 0.6765363161
8.4991828542 0.6663728937
8.5798216489 0.6099805283
8.9558215631 0.5998171059
9.0260500186 0.5469811945
9.4129865022 0.5368177721
9.4711092277 0.4875383146
9.8686097256 0.4773748922
9.9129617986 0.4316518888
10.3206349733 0.4214884664
10.3495937584 0.3793219170
10.7670301856 0.3691584946
10.7790269518 0.3305483991
11.1993311016 0.2853313353
11.6086355352 0.2436707255
12.0051404958 0.2055665696
12.3871279635 0.1710188678
12.7529719111 0.1400276199
13.1011479263 0.1125928261
13.4302421344 0.0887144862
13.7389593627 0.0683926004
14.0261304905 0.0516271685
14.2907189370 0.0384181907
14.5318262435 0.0287656668
14.7486967134 0.0226695970
14.9407210808 0.0201299811
15.0289823223 0.0186022444
15.2490166893 0.0125061746
15.4436308069 0.0099665587
15.7755060074 0.0058992061
15.9726115125 0.0033595903
16.3284141187 0.0028486917
16.5279082192 0.0003090759